1.2915571187212782
1.2780201892835605
1.2510821023554666
1.224335577099624
1.197792859644516
1.171465742512398
1.1453655601035213
1.119503184984217
1.093889024967733
1.0685330209752317
1.0434446456629756
1.0186329028003966
0.994106327382486
0.969872986458754
0.945940480659891
0.9223159464022194
0.8990060587490635
0.8760170349072629
0.8533546383362447
0.8310241834463298
0.8090305408622884
0.7873781432275614
0.7660709915240701
0.7451126618820916
0.7245063128543116
0.704254693127898
0.6843601496482006
0.6648246361275553
0.6456497219125898
0.626836601183421
0.6083861024581929
0.590298698376531
0.5725745157356591
0.5552133457531854
0.5382146545308493
0.5215775936938765
0.5053010111810001
0.48938346216065315
0.4738232200493357
0.45861828760870577
0.44376640809852735
0.4292650764632182
0.41511155053040655
0.4013028622005828
0.387835828607651
0.37470706323091996
0.3619129869398397
0.3494498389535721
0.33731368769827696
0.3255004415458157
0.31400585941839626
0.3028255612445134
0.2919550382523851
0.2813896630879215
0.2711246997451118
0.26115531329755887
0.251476579420725
0.24208349369529333
0.2329709806828731
0.22413390276608897
0.21556706874591064
0.20726524218985753
0.19922314952550124
0.19143548787444106
0.18389693262267345
0.17660214472399857
0.16954577773380694
0.16272248457127406
0.1561269240086432
0.14975376688691602
0.14359770205787575
0.13765344205295624
0.13191572848002844
0.12637933714970628
0.12103908293328658
0.11588982435491171
0.11092646792100105
0.10614397219042271
0.1015373515892752
0.09710167997452365
0.09283209395107864
0.08872379594722686
0.0847720570536162
0.0809722196312647
0.07731969969430402
0.07380998907338887
0.07043865736589186
0.06720135367917815
0.0640938081733947
0.06111183341033808
0.05825132551506231
0.055508265156973206
0.052878718357213236
0.05035883712918507
0.04794485995908394
0.045633112133313274
0.04342000591964922
0.04130204060898838
0.03927580242447373
0.037337964304734024
0.03548528556790312
0.033714611463002184
0.03202287261517223
0.030407084371140456
0.028864346051186297
0.027391840113750496
0.02598683123869492
0.024646665335082828
0.02336876847919969
0.022150645788381818
0.020989880236061915
0.019884131413276378
0.018831134241712056
0.01782869764320014
0.016874703170391043
0.015967103603169587
0.015103921515192851
0.014283247814755816
0.013503240264012686
0.012762121980403041
0.01205817992395675
0.011389763373974151
0.010755282398405161
0.01015320631907717
0.009582062175752777
0.009040433191829896
0.008526957244332287
0.008040325340677433
0.0075792801045499875
0.007142614273054859
0.006729169207173346
0.006337833417399065
0.00596754110628792
0.00561727072951832
0.005286043576924173
0.004972922374833981
0.004677009910924714
0.004397447682679391
0.0041334145704219425
0.0038841255357924386
0.003648830346420088
0.0034268123274501486
0.003217387140484762
0.0030199015904057796
0.0028337324604607445
0.0026582853759105386
0.002492993696459193
0.0023373174376127583
0.002190742221044826
0.002052778253981237
0.001922959337555551
0.0018008419040301247
0.0016860040827245673
0.0015780447944442183
0.0014765828741560435
0.001381256221617185
0.001291720979623332
0.0012076507395087414
0.0011287357734979914
0.0010546822934807587
0.000985211735754876
0.0009200600712601821
0.0008589771408049101
0.0008017260147689067
0.0007480823767523422
0.0006978339306256115
0.0006507798304251863
0.0006067301325312849
0.0005655052695564634
0.0005269355453689488
0.0004908606506713522
0.00045712919855350764
0.00042559827943794475
0.00039613303483761257
0.0003686062493478266
0.00034289796029806475
0.00031889508449379936
0.0002964910614843389
0.0002755855127991682
0.0002560839166027249
0.00023789729722573997
0.00022094192904007138
0.00020513905415348884
0.0001904146134107692
0.0001766989901979935
0.00016392676655775144
0.00015203649113418243
0.00014097045847829824
0.00013067449925573997
0.0001210977809111032
0.00011219261835499073
0.00010391429425217464
9.622088850147482e-05
8.907311651022382e-05
8.243417587847585e-05
7.626960112030288e-05
7.054712606170665e-05
6.523655356671143e-05
6.0309632255144705e-05
5.573993988741964e-05
